868.0 1075.0
791.0 1072.0
247.0 1042.0
247.0 1038.0
8.0 1035.0
792.0 1010.0
793.0 1008.0
519.0 1005.0
881.0 984.0
1273.0 970.0
712.0 933.0
97.0 901.0
1299.0 867.0
455.0 839.0
399.0 820.0
1232.0 806.0
1098.0 755.0
266.0 725.0
967.0 716.0
111.0 706.0
1309.0 702.0
742.0 689.0
862.0 677.0
917.0 609.0
124.0 605.0
1092.0 531.0
1280.0 501.0
1401.0 489.0
902.0 454.0
587.0 430.0
332.0 420.0
1351.0 380.0
985.0 363.0
312.0 362.0
554.0 359.0
145.0 356.0
925.0 331.0
351.0 291.0
1277.0 282.0
137.0 280.0
1094.0 250.0
950.0 247.0
624.0 239.0
1334.0 221.0
335.0 211.0
843.0 173.0
1101.0 170.0
718.0 114.0
1433.0 104.0
105.0 89.0
46.0 86.0
669.0 70.0
1294.0 65.0
742.0 60.0
627.0 42.0
333.0 31.0
1126.0 9.0
1058.0 9.0
615.0 4.0
