168.0 1068.0
391.0 1042.0
1004.0 1041.0
739.0 1038.0
517.0 1035.0
443.0 1029.0
1042.0 1013.0
952.0 1012.0
528.0 1010.0
510.0 1008.0
1210.0 1001.0
115.0 1001.0
1030.0 995.0
317.0 993.0
1106.0 990.0
1214.0 981.0
875.0 977.0
520.0 971.0
443.0 970.0
864.0 967.0
245.0 962.0
995.0 952.0
171.0 942.0
593.0 937.0
303.0 934.0
722.0 933.0
859.0 928.0
310.0 924.0
834.0 917.0
1137.0 916.0
1205.0 914.0
423.0 913.0
955.0 911.0
934.0 906.0
758.0 906.0
941.0 899.0
776.0 898.0
986.0 895.0
1189.0 887.0
255.0 884.0
487.0 882.0
548.0 879.0
23.0 877.0
1188.0 874.0
610.0 869.0
164.0 869.0
684.0 866.0
344.0 862.0
400.0 859.0
1103.0 857.0
862.0 854.0
466.0 854.0
723.0 852.0
505.0 851.0
141.0 851.0
1149.0 848.0
1069.0 848.0
904.0 848.0
391.0 848.0
892.0 845.0
855.0 845.0
421.0 845.0
229.0 840.0
1043.0 838.0
934.0 838.0
1210.0 833.0
791.0 829.0
450.0 827.0
1095.0 823.0
1403.0 820.0
1230.0 815.0
606.0 815.0
1273.0 811.0
332.0 806.0
708.0 803.0
361.0 800.0
597.0 797.0
421.0 796.0
536.0 793.0
490.0 791.0
1089.0 789.0
824.0 789.0
855.0 781.0
305.0 780.0
816.0 779.0
638.0 778.0
224.0 777.0
1156.0 776.0
754.0 776.0
1261.0 773.0
931.0 773.0
731.0 773.0
508.0 773.0
335.0 773.0
566.0 772.0
588.0 766.0
1236.0 765.0
1287.0 763.0
482.0 760.0
1276.0 758.0
610.0 755.0
686.0 753.0
1224.0 749.0
389.0 748.0
1125.0 747.0
579.0 747.0
177.0 746.0
1006.0 745.0
431.0 745.0
670.0 744.0
530.0 739.0
1321.0 738.0
1087.0 738.0
63.0 734.0
725.0 726.0
856.0 725.0
1122.0 720.0
1432.0 718.0
997.0 717.0
666.0 717.0
529.0 716.0
779.0 711.0
1186.0 708.0
312.0 708.0
28.0 705.0
889.0 704.0
617.0 704.0
1096.0 703.0
1203.0 696.0
1413.0 694.0
1350.0 692.0
1143.0 685.0
586.0 684.0
212.0 683.0
492.0 682.0
451.0 681.0
1250.0 675.0
659.0 675.0
201.0 675.0
1063.0 670.0
783.0 669.0
1203.0 665.0
560.0 664.0
951.0 660.0
1054.0 658.0
1381.0 657.0
40.0 655.0
1099.0 650.0
1158.0 648.0
1037.0 647.0
975.0 639.0
1426.0 636.0
929.0 636.0
112.0 631.0
1140.0 630.0
196.0 629.0
45.0 629.0
454.0 628.0
1308.0 627.0
985.0 625.0
1093.0 622.0
796.0 622.0
810.0 617.0
128.0 616.0
1150.0 612.0
930.0 612.0
513.0 612.0
899.0 611.0
780.0 610.0
749.0 609.0
741.0 609.0
693.0 607.0
456.0 607.0
190.0 607.0
337.0 606.0
941.0 602.0
1379.0 598.0
1075.0 598.0
919.0 594.0
1016.0 593.0
482.0 592.0
497.0 591.0
237.0 589.0
572.0 586.0
259.0 586.0
403.0 581.0
1347.0 578.0
988.0 577.0
1167.0 573.0
977.0 569.0
792.0 569.0
1229.0 568.0
539.0 567.0
73.0 566.0
818.0 565.0
364.0 557.0
1007.0 555.0
940.0 552.0
1224.0 550.0
90.0 549.0
976.0 548.0
803.0 542.0
229.0 540.0
1337.0 539.0
890.0 538.0
1143.0 536.0
738.0 535.0
1069.0 533.0
271.0 533.0
1104.0 527.0
951.0 525.0
1269.0 524.0
1077.0 523.0
619.0 523.0
33.0 523.0
1411.0 522.0
1422.0 521.0
1040.0 521.0
480.0 521.0
231.0 513.0
982.0 509.0
299.0 506.0
605.0 504.0
1141.0 502.0
848.0 497.0
323.0 497.0
618.0 495.0
456.0 495.0
164.0 494.0
555.0 485.0
309.0 484.0
1198.0 480.0
484.0 479.0
65.0 479.0
696.0 476.0
1284.0 472.0
934.0 472.0
1063.0 471.0
808.0 471.0
750.0 471.0
629.0 468.0
673.0 466.0
1033.0 465.0
863.0 462.0
1418.0 459.0
964.0 455.0
707.0 455.0
1405.0 447.0
635.0 444.0
163.0 444.0
694.0 442.0
1255.0 439.0
788.0 439.0
1029.0 438.0
620.0 436.0
60.0 436.0
1276.0 435.0
1104.0 434.0
1306.0 432.0
599.0 432.0
1011.0 429.0
951.0 428.0
576.0 427.0
1120.0 423.0
966.0 423.0
919.0 423.0
232.0 422.0
1053.0 421.0
1147.0 420.0
515.0 420.0
903.0 419.0
868.0 418.0
805.0 417.0
985.0 416.0
1404.0 412.0
1319.0 411.0
1283.0 410.0
265.0 410.0
1200.0 409.0
587.0 409.0
929.0 407.0
11.0 405.0
747.0 398.0
979.0 395.0
507.0 395.0
75.0 387.0
478.0 386.0
322.0 385.0
672.0 381.0
414.0 381.0
129.0 381.0
731.0 377.0
1416.0 376.0
189.0 372.0
72.0 370.0
846.0 364.0
588.0 364.0
779.0 359.0
423.0 359.0
1225.0 356.0
1209.0 355.0
835.0 355.0
789.0 355.0
240.0 352.0
992.0 349.0
1138.0 348.0
563.0 347.0
643.0 346.0
526.0 344.0
404.0 343.0
1372.0 342.0
880.0 340.0
608.0 340.0
1192.0 336.0
1390.0 335.0
1087.0 335.0
1098.0 332.0
1116.0 330.0
937.0 325.0
478.0 321.0
1102.0 318.0
169.0 317.0
625.0 315.0
607.0 313.0
1035.0 312.0
713.0 309.0
806.0 308.0
660.0 306.0
1049.0 305.0
648.0 305.0
557.0 305.0
60.0 301.0
11.0 299.0
1201.0 297.0
867.0 296.0
1268.0 294.0
899.0 293.0
745.0 293.0
484.0 292.0
1123.0 291.0
581.0 290.0
661.0 289.0
376.0 289.0
399.0 287.0
19.0 287.0
650.0 285.0
508.0 281.0
242.0 278.0
1118.0 273.0
1144.0 269.0
1317.0 268.0
524.0 267.0
454.0 265.0
165.0 264.0
1277.0 259.0
54.0 259.0
702.0 255.0
838.0 253.0
1174.0 251.0
817.0 251.0
2.0 250.0
930.0 248.0
255.0 245.0
241.0 244.0
277.0 242.0
741.0 241.0
772.0 240.0
68.0 233.0
693.0 232.0
153.0 231.0
427.0 230.0
784.0 227.0
312.0 224.0
1407.0 223.0
589.0 223.0
1173.0 219.0
326.0 219.0
743.0 218.0
1383.0 217.0
1236.0 217.0
575.0 216.0
919.0 215.0
191.0 214.0
554.0 213.0
1421.0 212.0
1365.0 212.0
886.0 212.0
376.0 210.0
680.0 208.0
900.0 206.0
853.0 205.0
287.0 205.0
425.0 198.0
515.0 187.0
1169.0 185.0
958.0 185.0
622.0 183.0
1264.0 181.0
498.0 177.0
916.0 175.0
801.0 171.0
893.0 169.0
1352.0 165.0
1436.0 159.0
676.0 159.0
468.0 159.0
399.0 159.0
616.0 157.0
785.0 156.0
323.0 155.0
1335.0 150.0
850.0 143.0
718.0 143.0
375.0 143.0
87.0 141.0
1264.0 140.0
1200.0 138.0
933.0 135.0
1331.0 134.0
1134.0 134.0
698.0 132.0
998.0 131.0
1211.0 126.0
1172.0 126.0
1076.0 115.0
1000.0 112.0
856.0 109.0
775.0 108.0
527.0 106.0
676.0 101.0
787.0 100.0
688.0 94.0
397.0 94.0
974.0 86.0
815.0 84.0
1416.0 83.0
603.0 80.0
395.0 79.0
573.0 77.0
1041.0 76.0
238.0 76.0
798.0 73.0
592.0 72.0
441.0 70.0
376.0 69.0
521.0 66.0
1124.0 65.0
845.0 63.0
558.0 62.0
772.0 57.0
1186.0 56.0
643.0 55.0
479.0 54.0
1294.0 53.0
1358.0 48.0
525.0 48.0
1147.0 38.0
987.0 37.0
1177.0 34.0
1243.0 33.0
429.0 30.0
1030.0 29.0
320.0 28.0
136.0 28.0
1310.0 27.0
111.0 26.0
247.0 24.0
1387.0 22.0
219.0 18.0
1395.0 15.0
1231.0 14.0
738.0 11.0
787.0 10.0
1296.0 8.0
1262.0 6.0
1306.0 5.0
765.0 4.0
1420.0 1.0
49.0 1.0
