587.0 1078.0
723.0 1073.0
994.0 1068.0
921.0 1066.0
472.0 1061.0
1097.0 1059.0
795.0 1059.0
351.0 1058.0
864.0 1056.0
598.0 1055.0
854.0 1052.0
1220.0 1050.0
1331.0 1047.0
234.0 1047.0
1301.0 1046.0
776.0 1040.0
578.0 1036.0
409.0 1035.0
1400.0 1031.0
971.0 1029.0
785.0 1029.0
911.0 1027.0
1063.0 1025.0
730.0 1025.0
1346.0 1019.0
1187.0 1008.0
578.0 1004.0
344.0 1002.0
668.0 1000.0
660.0 999.0
494.0 999.0
1107.0 997.0
717.0 991.0
407.0 989.0
558.0 974.0
1003.0 973.0
752.0 972.0
639.0 969.0
626.0 969.0
769.0 967.0
427.0 962.0
1162.0 961.0
1207.0 959.0
903.0 959.0
1304.0 957.0
488.0 955.0
684.0 954.0
818.0 943.0
981.0 940.0
699.0 940.0
335.0 940.0
1122.0 939.0
675.0 936.0
877.0 933.0
694.0 928.0
464.0 927.0
378.0 927.0
1223.0 921.0
918.0 921.0
1285.0 920.0
1315.0 919.0
546.0 915.0
427.0 911.0
559.0 904.0
1041.0 901.0
903.0 894.0
755.0 893.0
1404.0 891.0
834.0 890.0
627.0 886.0
1344.0 881.0
870.0 880.0
584.0 878.0
520.0 877.0
1303.0 875.0
1157.0 869.0
604.0 866.0
442.0 865.0
950.0 863.0
1433.0 855.0
395.0 853.0
723.0 852.0
1005.0 850.0
1374.0 848.0
414.0 847.0
690.0 837.0
639.0 835.0
812.0 830.0
787.0 828.0
1295.0 827.0
1152.0 820.0
352.0 819.0
704.0 818.0
965.0 817.0
525.0 815.0
400.0 815.0
595.0 814.0
1178.0 809.0
1334.0 807.0
587.0 806.0
1229.0 803.0
923.0 802.0
746.0 802.0
890.0 800.0
505.0 795.0
870.0 789.0
1021.0 788.0
699.0 784.0
478.0 784.0
819.0 782.0
928.0 779.0
1197.0 777.0
355.0 777.0
674.0 776.0
1020.0 773.0
550.0 771.0
1142.0 770.0
1348.0 769.0
1310.0 769.0
1163.0 769.0
817.0 769.0
496.0 769.0
325.0 766.0
1435.0 765.0
740.0 763.0
950.0 762.0
458.0 759.0
981.0 754.0
383.0 752.0
650.0 751.0
615.0 745.0
1049.0 744.0
910.0 744.0
1290.0 743.0
407.0 737.0
501.0 735.0
760.0 732.0
582.0 729.0
347.0 727.0
1138.0 722.0
637.0 715.0
1143.0 709.0
791.0 705.0
1393.0 703.0
1031.0 703.0
304.0 703.0
521.0 701.0
868.0 699.0
952.0 696.0
743.0 696.0
1254.0 695.0
596.0 689.0
509.0 688.0
1347.0 686.0
656.0 683.0
1202.0 680.0
398.0 680.0
469.0 679.0
827.0 678.5
1136.0 677.0
686.0 676.0
1413.0 675.0
958.0 674.0
488.0 663.0
1137.0 662.0
1051.0 661.0
626.0 659.0
809.0 658.0
410.0 658.0
930.0 654.0
787.0 654.0
1379.0 648.0
718.0 648.0
482.0 648.0
876.0 647.0
800.0 646.0
993.0 643.0
1272.0 641.0
1081.0 640.0
434.0 636.0
1236.0 634.0
671.0 632.0
521.0 631.0
1187.0 630.0
404.0 628.0
904.5 626.0
1319.0 624.0
475.0 620.0
1266.0 619.0
585.0 619.0
264.0 619.0
770.0 618.0
1386.0 617.0
1167.0 615.0
968.0 615.0
841.0 615.0
723.0 615.0
1231.0 609.0
1424.0 606.0
666.0 603.0
1074.0 602.0
614.0 602.0
1215.0 600.0
371.0 600.0
548.0 599.0
1359.0 596.0
443.0 596.0
1406.0 595.0
922.0 583.0
610.0 581.0
555.0 579.0
773.0 576.0
1348.0 574.0
375.0 574.0
672.0 571.0
532.0 571.0
800.0 568.0
891.0 567.0
627.0 564.0
299.0 560.0
723.0 558.0
1356.0 557.0
1050.0 557.0
580.0 557.0
1088.0 552.0
782.0 550.0
938.0 548.0
432.0 545.0
1014.0 544.0
709.0 543.0
884.0 542.0
897.0 540.0
966.0 535.0
1294.0 534.0
1149.0 534.0
605.0 534.0
829.0 532.0
752.0 532.0
1416.0 530.0
524.0 529.0
1133.0 525.5
1247.0 523.0
620.0 520.0
1303.0 519.0
961.0 519.0
1005.0 517.5
1072.0 516.0
773.0 516.0
1350.0 512.0
1091.0 510.0
666.0 510.0
1393.0 509.0
420.0 509.0
455.0 507.0
1262.0 505.0
361.0 498.0
817.0 496.0
712.0 495.0
540.0 490.0
466.0 488.0
1371.0 485.0
687.0 480.0
763.0 476.0
323.0 476.0
704.0 475.0
645.0 474.0
873.0 472.0
1417.0 471.0
976.0 469.0
956.0 469.0
1131.0 468.0
667.0 465.0
831.0 461.0
429.0 461.0
1013.0 456.0
592.0 456.0
554.0 452.0
409.0 452.0
515.0 450.0
1065.0 448.0
382.0 446.0
1260.0 444.0
812.0 444.0
877.0 443.0
1042.0 441.0
689.0 439.0
844.0 436.0
530.0 436.0
1278.0 434.0
1147.0 434.0
771.0 433.0
421.0 433.0
1164.0 432.0
1383.0 429.0
968.0 428.0
480.0 426.0
369.0 425.0
987.0 423.0
508.0 422.0
450.0 422.0
866.0 418.0
1316.0 416.0
341.0 414.0
901.0 413.0
702.0 413.0
1004.0 410.0
1423.0 406.0
836.0 404.0
661.0 402.0
1070.0 398.0
1326.0 397.0
377.0 396.0
737.0 394.0
1245.0 390.0
687.0 389.0
423.0 389.0
1089.0 385.0
824.0 383.0
956.0 378.0
748.0 378.0
622.0 377.0
1167.0 374.0
798.0 369.0
299.0 369.0
1431.0 368.0
1182.0 368.0
642.0 363.0
556.0 362.0
722.0 361.0
1089.0 359.0
696.0 359.0
585.0 359.0
771.0 357.0
1261.0 348.0
938.0 348.0
533.0 345.0
1365.0 344.0
901.0 343.0
965.0 342.0
882.0 342.0
458.0 341.0
1390.0 340.0
1323.0 340.0
811.0 336.0
1204.0 333.0
1122.0 331.0
1146.0 330.0
615.0 329.0
470.0 328.0
843.0 326.0
426.0 324.0
995.0 323.0
1244.0 322.0
730.0 319.0
1083.0 318.0
1112.5 315.0
918.0 315.0
1266.0 310.0
1038.0 310.0
464.0 307.0
515.0 303.0
924.0 302.0
1317.0 298.0
1343.0 295.0
738.0 295.0
1218.0 292.0
1074.0 292.0
350.0 292.0
424.0 287.0
546.0 286.0
1431.0 285.0
745.0 281.0
533.0 280.0
977.0 277.0
855.0 275.0
823.0 274.0
840.0 271.0
449.0 268.0
1215.0 265.0
651.0 265.0
1024.0 263.0
811.0 262.0
360.0 262.0
1175.0 254.0
611.0 254.0
859.0 251.0
787.0 251.0
811.0 248.0
923.0 246.0
573.0 245.0
1367.0 242.0
704.0 242.0
461.0 239.0
1382.0 231.0
842.0 231.0
498.0 229.0
1323.0 227.0
395.0 226.0
1293.0 221.5
1254.0 220.0
957.0 219.0
522.0 219.0
465.0 217.0
918.0 216.0
646.0 213.0
1156.0 211.0
1018.0 204.0
1408.0 201.0
1196.0 201.0
633.0 199.0
1114.0 198.0
1240.0 196.0
925.0 194.0
840.0 191.0
668.0 190.0
741.0 188.0
1075.0 186.0
480.0 184.0
1147.0 182.0
1408.0 181.0
573.0 175.0
1052.0 172.0
1316.0 170.0
525.0 165.0
606.0 164.0
692.0 158.0
903.0 156.0
1219.0 152.0
1090.0 148.0
1361.0 147.0
1393.0 145.0
606.0 144.0
730.0 142.0
1326.0 140.0
788.0 134.0
1400.0 133.0
1256.0 132.0
1159.0 128.0
1134.0 128.0
1342.0 126.0
1321.0 122.0
967.0 119.0
652.0 118.0
866.0 111.0
1206.0 106.0
1438.0 104.0
1282.0 102.0
1253.0 95.0
675.0 95.0
1134.0 94.0
1389.0 89.0
1306.0 88.0
984.0 87.0
1182.0 85.0
1100.0 79.0
535.0 78.0
1088.0 74.0
758.0 63.0
1148.0 61.0
965.0 61.0
608.0 59.0
911.0 53.0
983.0 46.0
1128.0 44.0
833.0 39.0
1090.0 24.0
1024.0 9.0
